0 0.090625 0.26875 0.2 0.26875 0.2 0.425 0.090625 0.425
0 0.3640625 0.1734375 0.4375 0.1734375 0.4375 0.284375 0.3640625 0.284375
0 0.428125 0.2984375 0.51875 0.2984375 0.51875 0.44375 0.428125 0.44375
0 0.5578125 0.0875 0.621875 0.0875 0.621875 0.178125 0.5578125 0.178125
0 0.740625 0.178125 0.821875 0.178125 0.821875 0.309375 0.740625 0.309375
0 0.815625 0.096875 0.8890625 0.096875 0.8890625 0.19375 0.815625 0.19375
0 0.8515625 0.0375 0.90625 0.0375 0.90625 0.11875 0.8515625 0.11875
0 0.8 0.0078125 0.85 0.0078125 0.85 0.0921875 0.8 0.0921875
0 0.859375 0 0.896875 0 0.896875 0.0546875 0.859375 0.0546875
0 0.5515625 0.090625 0.621875 0.090625 0.621875 0.1796875 0.5515625 0.1796875
0 0.5234375 0.0359375 0.553125 0.0359375 0.553125 0.1046875 0.5234375 0.1046875
0 0.7328125 0.0234375 0.7640625 0.0234375 0.7640625 0.0796875 0.7328125 0.0796875
0 0.6921875 0 0.7234375 0 0.7234375 0.0390625 0.6921875 0.0390625
0 0.6625 0 0.7 0 0.7 0.0421875 0.6625 0.0421875
0 0.625 0 0.653125 0 0.653125 0.0296875 0.625 0.0296875
0 0.6046875 0 0.6328125 0 0.6328125 0.0109375 0.6046875 0.0109375
1 0.4328125 0.0171875 0.4578125 0.0171875 0.4578125 0.05625 0.4328125 0.05625
0 0.4875 0 0.5171875 0 0.5171875 0.0265625 0.4875 0.0265625
0 0.521875 0 0.5421875 0 0.5421875 0.03125 0.521875 0.03125