0 0.15625 0.1671875 0.265625 0.1671875 0.265625 0.3234375 0.15625 0.3234375
0 0.453125 0.15625 0.5265625 0.15625 0.5265625 0.2671875 0.453125 0.2671875
0 0.46875 0.296875 0.559375 0.296875 0.559375 0.4421875 0.46875 0.4421875
0 0.665625 0.134375 0.7296875 0.134375 0.7296875 0.225 0.665625 0.225
0 0.80625 0.2765625 0.8875 0.2765625 0.8875 0.4078125 0.80625 0.4078125
0 0.909375 0.2234375 0.9828125 0.2234375 0.9828125 0.3203125 0.909375 0.3203125
0 0.9625 0.1734375 1 0.1734375 1 0.2546875 0.9625 0.2546875
0 0.9234375 0.1296875 0.9734375 0.1296875 0.9734375 0.2140625 0.9234375 0.2140625
0 0.9875 0.1328125 1 0.1328125 1 0.1953125 0.9875 0.1953125
0 0.6609375 0.134375 0.73125 0.134375 0.73125 0.2234375 0.6609375 0.2234375
0 0.6546875 0.06875 0.684375 0.06875 0.684375 0.1375 0.6546875 0.1375
0 0.859375 0.121875 0.890625 0.121875 0.890625 0.178125 0.859375 0.178125
0 0.834375 0.0734375 0.865625 0.0734375 0.865625 0.128125 0.834375 0.128125
0 0.80625 0.0625 0.84375 0.0625 0.84375 0.121875 0.80625 0.121875
0 0.771875 0.05 0.8 0.05 0.8 0.0984375 0.771875 0.0984375
0 0.7546875 0.0375 0.7828125 0.0375 0.7828125 0.0734375 0.7546875 0.0734375
1 0.5796875 0.0234375 0.6046875 0.0234375 0.6046875 0.0625 0.5796875 0.0625
0 0.6390625 0.0171875 0.66875 0.0171875 0.66875 0.0515625 0.6390625 0.0515625
0 0.671875 0.021875 0.6921875 0.021875 0.6921875 0.065625 0.671875 0.065625