1 0.2109375 0.3453125 0.3265625 0.3453125 0.3265625 0.4671875 0.2109375 0.4671875
1 0.3046875 0.215625 0.4171875 0.215625 0.4171875 0.3578125 0.3046875 0.3578125
1 0.403125 0.2875 0.5109375 0.2875 0.5109375 0.44375 0.403125 0.44375
1 0.0078125 0.5453125 0.096875 0.5453125 0.096875 0.6328125 0.0078125 0.6328125
1 0.0953125 0.6171875 0.1546875 0.6171875 0.1546875 0.678125 0.0953125 0.678125
1 0.0171875 0.625 0.0546875 0.625 0.0546875 0.6921875 0.0171875 0.6921875
1 0.509375 0.3703125 0.6046875 0.3703125 0.6046875 0.4890625 0.509375 0.4890625
1 0.5453125 0.2859375 0.6234375 0.2859375 0.6234375 0.384375 0.5453125 0.384375
1 0.703125 0.23125 0.7765625 0.23125 0.7765625 0.3296875 0.703125 0.3296875
0 0.6515625 0.2671875 0.7328125 0.2671875 0.7328125 0.36875 0.6515625 0.36875
0 0.78125 0.1671875 0.88125 0.1671875 0.88125 0.2921875 0.78125 0.2921875