0 0.1296875 0.221875 0.2171875 0.221875 0.2171875 0.365625 0.1296875 0.365625
0 0.4140625 0.165625 0.4734375 0.165625 0.4734375 0.2671875 0.4140625 0.2671875
0 0.459375 0.3 0.5296875 0.3 0.5296875 0.4375 0.459375 0.4375
0 0.6203125 0.109375 0.671875 0.109375 0.671875 0.19375 0.6203125 0.19375
0 0.7875 0.228125 0.85 0.228125 0.85 0.3515625 0.7875 0.3515625
0 0.8734375 0.159375 0.934375 0.159375 0.934375 0.2484375 0.8734375 0.2484375
0 0.91875 0.1046875 0.9625 0.1046875 0.9625 0.1796875 0.91875 0.1796875
0 0.871875 0.0671875 0.909375 0.0671875 0.909375 0.1453125 0.871875 0.1453125
0 0.934375 0.059375 0.9625 0.059375 0.9625 0.11875 0.934375 0.11875
0 0.6140625 0.1125 0.671875 0.1125 0.671875 0.19375 0.6140625 0.19375
0 0.5953125 0.0484375 0.615625 0.0484375 0.615625 0.1140625 0.5953125 0.1140625
0 0.8046875 0.06875 0.8265625 0.06875 0.8265625 0.121875 0.8046875 0.121875
0 0.7703125 0.025 0.79375 0.025 0.79375 0.0765625 0.7703125 0.0765625
0 0.7421875 0.01875 0.7703125 0.01875 0.7703125 0.075 0.7421875 0.075
0 0.7046875 0.0109375 0.7265625 0.0109375 0.7265625 0.0578125 0.7046875 0.0578125
0 0.684375 0.003125 0.7078125 0.003125 0.7078125 0.0359375 0.684375 0.0359375
1 0.509375 0.015625 0.528125 0.015625 0.528125 0.0515625 0.509375 0.0515625
0 0.565625 0 0.5921875 0 0.5921875 0.03125 0.565625 0.03125
0 0.6015625 0 0.615625 0 0.615625 0.0421875 0.6015625 0.0421875