1 0.215625 0.3390625 0.328125 0.3390625 0.328125 0.4578125 0.215625 0.4578125
1 0.3140625 0.2125 0.4234375 0.2125 0.4234375 0.3515625 0.3140625 0.3515625
1 0.409375 0.2875 0.5140625 0.2875 0.5140625 0.4421875 0.409375 0.4421875
1 0.00625 0.5296875 0.09375 0.5296875 0.09375 0.615625 0.00625 0.615625
1 0.0921875 0.6046875 0.15 0.6046875 0.15 0.6640625 0.0921875 0.6640625
1 0.0125 0.609375 0.0484375 0.609375 0.0484375 0.6765625 0.0125 0.6765625
1 0.5140625 0.3734375 0.60625 0.3734375 0.60625 0.490625 0.5140625 0.490625
1 0.553125 0.2890625 0.628125 0.2890625 0.628125 0.3859375 0.553125 0.3859375
1 0.7109375 0.2390625 0.78125 0.2390625 0.78125 0.3375 0.7109375 0.3375
0 0.659375 0.275 0.7390625 0.275 0.7390625 0.375 0.659375 0.375
0 0.7921875 0.1796875 0.8890625 0.1796875 0.8890625 0.303125 0.7921875 0.303125