1 0.253125 0.2984375 0.346875 0.2984375 0.346875 0.4 0.253125 0.4
1 0.3796875 0.1953125 0.4625 0.1953125 0.4625 0.31875 0.3796875 0.31875
1 0.45625 0.2875 0.5296875 0.2875 0.5296875 0.4296875 0.45625 0.4296875
1 0.0078125 0.434375 0.08125 0.434375 0.08125 0.5046875 0.0078125 0.5046875
1 0.0765625 0.5203125 0.125 0.5203125 0.125 0.5703125 0.0765625 0.5703125
1 0 0.5015625 0.021875 0.5015625 0.021875 0.5640625 0 0.5640625
1 0.5390625 0.3953125 0.609375 0.3953125 0.609375 0.4984375 0.5390625 0.4984375
1 0.5953125 0.31875 0.653125 0.31875 0.653125 0.4046875 0.5953125 0.4046875
1 0.7609375 0.3046875 0.8140625 0.3046875 0.8140625 0.39375 0.7609375 0.39375
0 0.703125 0.3296875 0.7640625 0.3296875 0.7640625 0.41875 0.703125 0.41875
0 0.853125 0.2703125 0.9265625 0.2703125 0.9265625 0.3796875 0.853125 0.3796875