0 0.5984375 0.146875 0.75625 0.146875 0.75625 0.3515625 0.5984375 0.3515625
0 0.040625 0.2296875 0.16875 0.2296875 0.16875 0.3421875 0.040625 0.3421875
0 0.0890625 0.121875 0.1421875 0.121875 0.1421875 0.1890625 0.0890625 0.1890625
0 0.1703125 0.146875 0.2328125 0.146875 0.2328125 0.2203125 0.1703125 0.2203125
0 0.3078125 0.146875 0.3796875 0.146875 0.3796875 0.23125 0.3078125 0.23125
0 0.3859375 0.125 0.440625 0.125 0.440625 0.178125 0.3859375 0.178125
0 0.4890625 0.1375 0.546875 0.1375 0.546875 0.2 0.4890625 0.2
0 0.69375 0.140625 0.7890625 0.140625 0.7890625 0.25625 0.69375 0.25625
0 0.984375 0.1140625 1 0.1140625 1 0.1796875 0.984375 0.1796875
0 0.28125 0.1265625 0.3234375 0.1265625 0.3234375 0.171875 0.28125 0.171875
0 0.38125 0.1078125 0.40625 0.1078125 0.40625 0.1328125 0.38125 0.1328125
0 0.4640625 0.0953125 0.4890625 0.0953125 0.4890625 0.115625 0.4640625 0.115625