0 0.015625 0.3359375 0.1234375 0.3359375 0.1234375 0.459375 0.015625 0.459375
0 0.253125 0.209375 0.3296875 0.209375 0.3296875 0.2984375 0.253125 0.2984375
0 0.1140625 0.2171875 0.1703125 0.2171875 0.1703125 0.29375 0.1140625 0.29375
0 0.571875 0.14375 0.6640625 0.14375 0.6640625 0.328125 0.571875 0.328125
0 0.634375 0.115625 0.7234375 0.115625 0.7234375 0.1984375 0.634375 0.1984375
0 0.034375 0.23125 0.075 0.23125 0.075 0.2890625 0.034375 0.2890625
0 0.33125 0.1546875 0.3625 0.1546875 0.3625 0.1984375 0.33125 0.1984375
0 0.41875 0.1453125 0.4640625 0.1453125 0.4640625 0.2046875 0.41875 0.2046875
0 0.9078125 0.0140625 0.9421875 0.0140625 0.9421875 0.0640625 0.9078125 0.0640625
0 0.8171875 0.021875 0.8390625 0.021875 0.8390625 0.065625 0.8171875 0.065625
0 0.2125 0.1671875 0.234375 0.1671875 0.234375 0.2046875 0.2125 0.2046875
0 0.39375 0.1265625 0.4125 0.1265625 0.4125 0.171875 0.39375 0.171875