0 0.55625 0.125 0.6765625 0.125 0.6765625 0.3078125 0.55625 0.3078125
0 0.0109375 0.3359375 0.121875 0.3359375 0.121875 0.425 0.0109375 0.425
0 0.028125 0.2203125 0.06875 0.2203125 0.06875 0.2796875 0.028125 0.2796875
0 0.1125 0.2265625 0.1625 0.2265625 0.1625 0.2890625 0.1125 0.2890625
0 0.25 0.1953125 0.30625 0.1953125 0.30625 0.26875 0.25 0.26875
0 0.3140625 0.1578125 0.359375 0.1578125 0.359375 0.2015625 0.3140625 0.2015625
0 0.41875 0.146875 0.465625 0.146875 0.465625 0.2 0.41875 0.2
0 0.63125 0.1 0.7046875 0.1 0.7046875 0.203125 0.63125 0.203125
0 0.8984375 0.0125 0.9421875 0.0125 0.9421875 0.0703125 0.8984375 0.0703125
0 0.2109375 0.184375 0.2453125 0.184375 0.2453125 0.2234375 0.2109375 0.2234375
0 0.3 0.14375 0.3203125 0.14375 0.3203125 0.1640625 0.3 0.1640625
0 0.3765625 0.1140625 0.3984375 0.1140625 0.3984375 0.1296875 0.3765625 0.1296875