0 0 0.3828125 0.1203125 0.3828125 0.1203125 0.5171875 0 0.5171875
0 0.2203125 0.2328125 0.3078125 0.2328125 0.3078125 0.3296875 0.2203125 0.3296875
0 0.08125 0.259375 0.146875 0.259375 0.146875 0.3421875 0.08125 0.3421875
0 0.528125 0.1265625 0.6421875 0.1265625 0.6421875 0.321875 0.528125 0.321875
0 0.5859375 0.090625 0.6859375 0.090625 0.6859375 0.184375 0.5859375 0.184375
0 0.00625 0.2859375 0.053125 0.2859375 0.053125 0.3484375 0.00625 0.3484375
0 0.290625 0.175 0.3265625 0.175 0.3265625 0.221875 0.290625 0.221875
0 0.3765625 0.153125 0.428125 0.153125 0.428125 0.2171875 0.3765625 0.2171875
0 0.8453125 0 0.8859375 0 0.8859375 0.0171875 0.8453125 0.0171875
0 0.75625 0 0.7828125 0 0.7828125 0.028125 0.75625 0.028125
0 0.1734375 0.2015625 0.2 0.2015625 0.2 0.2421875 0.1734375 0.2421875
0 0.3484375 0.1390625 0.3734375 0.1390625 0.3734375 0.1875 0.3484375 0.1875