0 0.5296875 0.1140625 0.6625 0.1140625 0.6625 0.3046875 0.5296875 0.3046875
0 0.0015625 0.3625 0.11875 0.3625 0.11875 0.459375 0.0015625 0.459375
0 0.009375 0.2515625 0.0546875 0.2515625 0.0546875 0.3140625 0.009375 0.3140625
0 0.0953125 0.25 0.15 0.25 0.15 0.3171875 0.0953125 0.3171875
0 0.2296875 0.209375 0.290625 0.209375 0.290625 0.2875 0.2296875 0.2875
0 0.290625 0.16875 0.3390625 0.16875 0.3390625 0.215625 0.290625 0.215625
0 0.39375 0.15 0.4453125 0.15 0.4453125 0.20625 0.39375 0.20625
0 0.603125 0.0875 0.6828125 0.0875 0.6828125 0.1953125 0.603125 0.1953125
0 0.8640625 0 0.9109375 0 0.9109375 0.0421875 0.8640625 0.0421875
0 0.190625 0.203125 0.2265625 0.203125 0.2265625 0.24375 0.190625 0.24375
0 0.2765625 0.15625 0.2984375 0.15625 0.2984375 0.178125 0.2765625 0.178125
0 0.35 0.121875 0.3734375 0.121875 0.3734375 0.1390625 0.35 0.1390625